3.30870118075107
2.90732325834754
3.64321946196604
3.53896867735493
3.78446907851103
5.31355341084006
4.95858473382905
5.61009529056051
6.53514338779946
6.73373917249868
7.17385357915638
6.47934919308768
8.47635916326491
9.33965122930642
8.78151553064817
10.4127818101132
12.1609064895116
10.7907386234697
11.4521723813542
13.490515557606
14.4081379240497
13.5618545523427
15.6108511835414
16.404881930424
17.9293994144635
17.1955577462962
19.2359538864575
21.5102536017131
21.5039841037035
22.3399201214112
24.6621020043968
25.7207369122136
26.4718290401841
26.5165818519867
29.8692475289878
29.7674940783349
30.153689990116
31.6356213236999
33.9194381481221
34.7063381085488
34.8639376741949
36.299873068439
37.6932935730002
39.0489063622541
38.4410790764328
40.8249119096715
41.1464874981259
41.1916470997554
42.4237631013053
45.3169599361857
42.4934224904862
44.8122214489663
46.4058942163387
48.1506818140633
46.2018872925056
46.4581208508587
47.4377709965078
51.2602515540978
47.7213826430182
47.7186809175244
47.7657684920869
46.9433784551217
46.2133368574863
47.3356657950034
44.7855652845631
45.105870688532
43.8151338803952
43.5060763880482
43.6181533573156
42.5651605528852
43.7527119136608
42.4147107934464
44.0704609066496
39.6035366996323
40.5341018577372
37.693261705217
38.690568102059
35.5443446899706
34.8460912309268
34.1462496676629
33.4275794377497
31.5612735006841
29.4543781362193
28.042551965196
29.2636545475352
27.1205221506099
26.1770143461793
25.3641846086339
23.1329895648229
23.1898056500283
21.6414772494287
18.4400303339967
19.040676546892
17.1288258697342
17.3814854093382
16.4548583209447
15.6392130551695
13.8797232579658
12.7679042281174
11.5091468172259
9.86814730997322
11.1594360077923
10.4892164942222
8.27766777442679
8.47352533669615
7.51577793165273
7.0631624123521
6.0060842524933
7.29047199994499
