3.13430030986702                11               3.30870118075107
3.13440665746563                9               2.90732325834754
3.13451300506423                14               3.64321946196604
3.13461935266284                12               3.53896867735493
3.13472570026145                15               3.78446907851103
3.13483204786005                29               5.31355341084006
3.13493839545866                26               4.95858473382905
3.13504474305726                32               5.61009529056051
3.13515109065587                39               6.53514338779946
3.13525743825448                44               6.73373917249868
3.13536378585308                50               7.17385357915638
3.13547013345169                43               6.47934919308768
3.1355764810503                70               8.47635916326491
3.1356828286489                87               9.33965122930642
3.13578917624751                77               8.78151553064817
3.13589552384611                103               10.4127818101132
3.13600187144472                138               12.1609064895116
3.13610821904333                124               10.7907386234697
3.13621456664193                132               11.4521723813542
3.13632091424054                174               13.490515557606
3.13642726183914                198               14.4081379240497
3.13653360943775                199               13.5618545523427
3.13663995703636                240               15.6108511835414
3.13674630463496                277               16.404881930424
3.13685265223357                311               17.9293994144635
3.13695899983218                293               17.1955577462962
3.13706534743078                375               19.2359538864575
3.13717169502939                448               21.5102536017131
3.13727804262799                446               21.5039841037035
3.1373843902266                491               22.3399201214112
3.13749073782521                593               24.6621020043968
3.13759708542381                673               25.7207369122136
3.13770343302242                680               26.4718290401841
3.13780978062103                702               26.5165818519867
3.13791612821963                841               29.8692475289878
3.13802247581824                893               29.7674940783349
3.13812882341684                963               30.153689990116
3.13823517101545                1044               31.6356213236999
3.13834151861406                1133               33.9194381481221
3.13844786621266                1171               34.7063381085488
3.13855421381127                1219               34.8639376741949
3.13866056140987                1306               36.299873068439
3.13876690900848                1371               37.6932935730002
3.13887325660709                1481               39.0489063622541
3.13897960420569                1534               38.4410790764328
3.1390859518043                1640               40.8249119096715
3.13919229940291                1772               41.1464874981259
3.13929864700151                1842               41.1916470997554
3.13940499460012                1851               42.4237631013053
3.13951134219872                2009               45.3169599361857
3.13961768979733                1895               42.4934224904862
3.13972403739594                2037               44.8122214489663
3.13983038499454                2190               46.4058942163387
3.13993673259315                2200               48.1506818140633
3.14004308019175                2216               46.2018872925056
3.14014942779036                2322               46.4581208508587
3.14025577538897                2348               47.4377709965078
3.14036212298757                2338               51.2602515540978
3.14046847058618                2212               47.7213826430182
3.14057481818479                2340               47.7186809175244
3.14068116578339                2353               47.7657684920869
 3.140787513382                2304               46.9433784551217
3.1408938609806                2354               46.2133368574863
3.14100020857921                2217               47.3356657950034
3.14110655617782                2221               44.7855652845631
3.14121290377642                2126               45.105870688532
3.14131925137503                2099               43.8151338803952
3.14142559897364                2100               43.5060763880482
3.14153194657224                1942               43.6181533573156
3.14163829417085                1987               42.5651605528852
3.14174464176945                1888               43.7527119136608
3.14185098936806                1835               42.4147107934464
3.14195733696667                1774               44.0704609066496
3.14206368456527                1630               39.6035366996323
3.14217003216388                1597               40.5341018577372
3.14227637976248                1524               37.693261705217
3.14238272736109                1438               38.690568102059
3.1424890749597                1310               35.5443446899706
3.1425954225583                1248               34.8460912309268
3.14270177015691                1196               34.1462496676629
3.14280811775552                1145               33.4275794377497
3.14291446535412                1037               31.5612735006841
3.14302081295273                907               29.4543781362193
3.14312716055133                795               28.042551965196
3.14323350814994                813               29.2636545475352
3.14333985574855                709               27.1205221506099
3.14344620334715                726               26.1770143461793
3.14355255094576                637               25.3641846086339
3.14365889854436                563               23.1329895648229
3.14376524614297                493               23.1898056500283
3.14387159374158                456               21.6414772494287
3.14397794134018                367               18.4400303339967
3.14408428893879                354               19.040676546892
3.1441906365374                300               17.1288258697342
 3.144296984136                303               17.3814854093382
3.14440333173461                284               16.4548583209447
3.14450967933321                240               15.6392130551695
3.14461602693182                188               13.8797232579658
3.14472237453043                170               12.7679042281174
3.14482872212903                125               11.5091468172259
3.14493506972764                102               9.86814730997322
3.14504141732625                118               11.1594360077923
3.14514776492485                112               10.4892164942222
3.14525411252346                76               8.27766777442679
3.14536046012206                72               8.47352533669615
3.14546680772067                59               7.51577793165273
3.14557315531928                52               7.0631624123521
3.14567950291788                38               6.0060842524933
3.14578585051649                56               7.29047199994499
3.14578585051649                56               7.29047199994499
3.14578585051649                56               7.29047199994499
